{
 "cells": [
  {
   "cell_type": "markdown",
   "metadata": {},
   "source": [
    "Data analysis with https://www.kaggle.com/c/bike-sharing-demand/data\n",
    "data in ./data/bike_sharing_demand.csv (originally train.csv)"
   ]
  },
  {
   "cell_type": "code",
   "execution_count": 1,
   "metadata": {},
   "outputs": [],
   "source": [
    "import pandas as pd\n",
    "import numpy as np\n"
   ]
  },
  {
   "cell_type": "code",
   "execution_count": 2,
   "metadata": {},
   "outputs": [],
   "source": [
    "df = pd.read_csv(\"data/bike_sharing_demand.csv\")"
   ]
  },
  {
   "cell_type": "code",
   "execution_count": 3,
   "metadata": {},
   "outputs": [
    {
     "data": {
      "text/html": [
       "<div>\n",
       "<style scoped>\n",
       "    .dataframe tbody tr th:only-of-type {\n",
       "        vertical-align: middle;\n",
       "    }\n",
       "\n",
       "    .dataframe tbody tr th {\n",
       "        vertical-align: top;\n",
       "    }\n",
       "\n",
       "    .dataframe thead th {\n",
       "        text-align: right;\n",
       "    }\n",
       "</style>\n",
       "<table border=\"1\" class=\"dataframe\">\n",
       "  <thead>\n",
       "    <tr style=\"text-align: right;\">\n",
       "      <th></th>\n",
       "      <th>datetime</th>\n",
       "      <th>season</th>\n",
       "      <th>holiday</th>\n",
       "      <th>workingday</th>\n",
       "      <th>weather</th>\n",
       "      <th>temp</th>\n",
       "      <th>atemp</th>\n",
       "      <th>humidity</th>\n",
       "      <th>windspeed</th>\n",
       "      <th>casual</th>\n",
       "      <th>registered</th>\n",
       "      <th>count</th>\n",
       "    </tr>\n",
       "  </thead>\n",
       "  <tbody>\n",
       "    <tr>\n",
       "      <td>0</td>\n",
       "      <td>2011-01-01 00:00:00</td>\n",
       "      <td>1</td>\n",
       "      <td>0</td>\n",
       "      <td>0</td>\n",
       "      <td>1</td>\n",
       "      <td>9.84</td>\n",
       "      <td>14.395</td>\n",
       "      <td>81</td>\n",
       "      <td>0.0</td>\n",
       "      <td>3</td>\n",
       "      <td>13</td>\n",
       "      <td>16</td>\n",
       "    </tr>\n",
       "    <tr>\n",
       "      <td>1</td>\n",
       "      <td>2011-01-01 01:00:00</td>\n",
       "      <td>1</td>\n",
       "      <td>0</td>\n",
       "      <td>0</td>\n",
       "      <td>1</td>\n",
       "      <td>9.02</td>\n",
       "      <td>13.635</td>\n",
       "      <td>80</td>\n",
       "      <td>0.0</td>\n",
       "      <td>8</td>\n",
       "      <td>32</td>\n",
       "      <td>40</td>\n",
       "    </tr>\n",
       "    <tr>\n",
       "      <td>2</td>\n",
       "      <td>2011-01-01 02:00:00</td>\n",
       "      <td>1</td>\n",
       "      <td>0</td>\n",
       "      <td>0</td>\n",
       "      <td>1</td>\n",
       "      <td>9.02</td>\n",
       "      <td>13.635</td>\n",
       "      <td>80</td>\n",
       "      <td>0.0</td>\n",
       "      <td>5</td>\n",
       "      <td>27</td>\n",
       "      <td>32</td>\n",
       "    </tr>\n",
       "    <tr>\n",
       "      <td>3</td>\n",
       "      <td>2011-01-01 03:00:00</td>\n",
       "      <td>1</td>\n",
       "      <td>0</td>\n",
       "      <td>0</td>\n",
       "      <td>1</td>\n",
       "      <td>9.84</td>\n",
       "      <td>14.395</td>\n",
       "      <td>75</td>\n",
       "      <td>0.0</td>\n",
       "      <td>3</td>\n",
       "      <td>10</td>\n",
       "      <td>13</td>\n",
       "    </tr>\n",
       "    <tr>\n",
       "      <td>4</td>\n",
       "      <td>2011-01-01 04:00:00</td>\n",
       "      <td>1</td>\n",
       "      <td>0</td>\n",
       "      <td>0</td>\n",
       "      <td>1</td>\n",
       "      <td>9.84</td>\n",
       "      <td>14.395</td>\n",
       "      <td>75</td>\n",
       "      <td>0.0</td>\n",
       "      <td>0</td>\n",
       "      <td>1</td>\n",
       "      <td>1</td>\n",
       "    </tr>\n",
       "  </tbody>\n",
       "</table>\n",
       "</div>"
      ],
      "text/plain": [
       "              datetime  season  holiday  workingday  weather  temp   atemp  \\\n",
       "0  2011-01-01 00:00:00       1        0           0        1  9.84  14.395   \n",
       "1  2011-01-01 01:00:00       1        0           0        1  9.02  13.635   \n",
       "2  2011-01-01 02:00:00       1        0           0        1  9.02  13.635   \n",
       "3  2011-01-01 03:00:00       1        0           0        1  9.84  14.395   \n",
       "4  2011-01-01 04:00:00       1        0           0        1  9.84  14.395   \n",
       "\n",
       "   humidity  windspeed  casual  registered  count  \n",
       "0        81        0.0       3          13     16  \n",
       "1        80        0.0       8          32     40  \n",
       "2        80        0.0       5          27     32  \n",
       "3        75        0.0       3          10     13  \n",
       "4        75        0.0       0           1      1  "
      ]
     },
     "execution_count": 3,
     "metadata": {},
     "output_type": "execute_result"
    }
   ],
   "source": [
    "df.head()"
   ]
  },
  {
   "cell_type": "code",
   "execution_count": 4,
   "metadata": {},
   "outputs": [
    {
     "data": {
      "text/html": [
       "<div>\n",
       "<style scoped>\n",
       "    .dataframe tbody tr th:only-of-type {\n",
       "        vertical-align: middle;\n",
       "    }\n",
       "\n",
       "    .dataframe tbody tr th {\n",
       "        vertical-align: top;\n",
       "    }\n",
       "\n",
       "    .dataframe thead th {\n",
       "        text-align: right;\n",
       "    }\n",
       "</style>\n",
       "<table border=\"1\" class=\"dataframe\">\n",
       "  <thead>\n",
       "    <tr style=\"text-align: right;\">\n",
       "      <th></th>\n",
       "      <th>season</th>\n",
       "      <th>holiday</th>\n",
       "      <th>workingday</th>\n",
       "      <th>weather</th>\n",
       "      <th>temp</th>\n",
       "      <th>atemp</th>\n",
       "      <th>humidity</th>\n",
       "      <th>windspeed</th>\n",
       "      <th>casual</th>\n",
       "      <th>registered</th>\n",
       "      <th>count</th>\n",
       "    </tr>\n",
       "  </thead>\n",
       "  <tbody>\n",
       "    <tr>\n",
       "      <td>season</td>\n",
       "      <td>1.000000</td>\n",
       "      <td>0.029368</td>\n",
       "      <td>-0.008126</td>\n",
       "      <td>0.008879</td>\n",
       "      <td>0.258689</td>\n",
       "      <td>0.264744</td>\n",
       "      <td>0.190610</td>\n",
       "      <td>-0.147121</td>\n",
       "      <td>0.096758</td>\n",
       "      <td>0.164011</td>\n",
       "      <td>0.163439</td>\n",
       "    </tr>\n",
       "    <tr>\n",
       "      <td>holiday</td>\n",
       "      <td>0.029368</td>\n",
       "      <td>1.000000</td>\n",
       "      <td>-0.250491</td>\n",
       "      <td>-0.007074</td>\n",
       "      <td>0.000295</td>\n",
       "      <td>-0.005215</td>\n",
       "      <td>0.001929</td>\n",
       "      <td>0.008409</td>\n",
       "      <td>0.043799</td>\n",
       "      <td>-0.020956</td>\n",
       "      <td>-0.005393</td>\n",
       "    </tr>\n",
       "    <tr>\n",
       "      <td>workingday</td>\n",
       "      <td>-0.008126</td>\n",
       "      <td>-0.250491</td>\n",
       "      <td>1.000000</td>\n",
       "      <td>0.033772</td>\n",
       "      <td>0.029966</td>\n",
       "      <td>0.024660</td>\n",
       "      <td>-0.010880</td>\n",
       "      <td>0.013373</td>\n",
       "      <td>-0.319111</td>\n",
       "      <td>0.119460</td>\n",
       "      <td>0.011594</td>\n",
       "    </tr>\n",
       "    <tr>\n",
       "      <td>weather</td>\n",
       "      <td>0.008879</td>\n",
       "      <td>-0.007074</td>\n",
       "      <td>0.033772</td>\n",
       "      <td>1.000000</td>\n",
       "      <td>-0.055035</td>\n",
       "      <td>-0.055376</td>\n",
       "      <td>0.406244</td>\n",
       "      <td>0.007261</td>\n",
       "      <td>-0.135918</td>\n",
       "      <td>-0.109340</td>\n",
       "      <td>-0.128655</td>\n",
       "    </tr>\n",
       "    <tr>\n",
       "      <td>temp</td>\n",
       "      <td>0.258689</td>\n",
       "      <td>0.000295</td>\n",
       "      <td>0.029966</td>\n",
       "      <td>-0.055035</td>\n",
       "      <td>1.000000</td>\n",
       "      <td>0.984948</td>\n",
       "      <td>-0.064949</td>\n",
       "      <td>-0.017852</td>\n",
       "      <td>0.467097</td>\n",
       "      <td>0.318571</td>\n",
       "      <td>0.394454</td>\n",
       "    </tr>\n",
       "    <tr>\n",
       "      <td>atemp</td>\n",
       "      <td>0.264744</td>\n",
       "      <td>-0.005215</td>\n",
       "      <td>0.024660</td>\n",
       "      <td>-0.055376</td>\n",
       "      <td>0.984948</td>\n",
       "      <td>1.000000</td>\n",
       "      <td>-0.043536</td>\n",
       "      <td>-0.057473</td>\n",
       "      <td>0.462067</td>\n",
       "      <td>0.314635</td>\n",
       "      <td>0.389784</td>\n",
       "    </tr>\n",
       "    <tr>\n",
       "      <td>humidity</td>\n",
       "      <td>0.190610</td>\n",
       "      <td>0.001929</td>\n",
       "      <td>-0.010880</td>\n",
       "      <td>0.406244</td>\n",
       "      <td>-0.064949</td>\n",
       "      <td>-0.043536</td>\n",
       "      <td>1.000000</td>\n",
       "      <td>-0.318607</td>\n",
       "      <td>-0.348187</td>\n",
       "      <td>-0.265458</td>\n",
       "      <td>-0.317371</td>\n",
       "    </tr>\n",
       "    <tr>\n",
       "      <td>windspeed</td>\n",
       "      <td>-0.147121</td>\n",
       "      <td>0.008409</td>\n",
       "      <td>0.013373</td>\n",
       "      <td>0.007261</td>\n",
       "      <td>-0.017852</td>\n",
       "      <td>-0.057473</td>\n",
       "      <td>-0.318607</td>\n",
       "      <td>1.000000</td>\n",
       "      <td>0.092276</td>\n",
       "      <td>0.091052</td>\n",
       "      <td>0.101369</td>\n",
       "    </tr>\n",
       "    <tr>\n",
       "      <td>casual</td>\n",
       "      <td>0.096758</td>\n",
       "      <td>0.043799</td>\n",
       "      <td>-0.319111</td>\n",
       "      <td>-0.135918</td>\n",
       "      <td>0.467097</td>\n",
       "      <td>0.462067</td>\n",
       "      <td>-0.348187</td>\n",
       "      <td>0.092276</td>\n",
       "      <td>1.000000</td>\n",
       "      <td>0.497250</td>\n",
       "      <td>0.690414</td>\n",
       "    </tr>\n",
       "    <tr>\n",
       "      <td>registered</td>\n",
       "      <td>0.164011</td>\n",
       "      <td>-0.020956</td>\n",
       "      <td>0.119460</td>\n",
       "      <td>-0.109340</td>\n",
       "      <td>0.318571</td>\n",
       "      <td>0.314635</td>\n",
       "      <td>-0.265458</td>\n",
       "      <td>0.091052</td>\n",
       "      <td>0.497250</td>\n",
       "      <td>1.000000</td>\n",
       "      <td>0.970948</td>\n",
       "    </tr>\n",
       "    <tr>\n",
       "      <td>count</td>\n",
       "      <td>0.163439</td>\n",
       "      <td>-0.005393</td>\n",
       "      <td>0.011594</td>\n",
       "      <td>-0.128655</td>\n",
       "      <td>0.394454</td>\n",
       "      <td>0.389784</td>\n",
       "      <td>-0.317371</td>\n",
       "      <td>0.101369</td>\n",
       "      <td>0.690414</td>\n",
       "      <td>0.970948</td>\n",
       "      <td>1.000000</td>\n",
       "    </tr>\n",
       "  </tbody>\n",
       "</table>\n",
       "</div>"
      ],
      "text/plain": [
       "              season   holiday  workingday   weather      temp     atemp  \\\n",
       "season      1.000000  0.029368   -0.008126  0.008879  0.258689  0.264744   \n",
       "holiday     0.029368  1.000000   -0.250491 -0.007074  0.000295 -0.005215   \n",
       "workingday -0.008126 -0.250491    1.000000  0.033772  0.029966  0.024660   \n",
       "weather     0.008879 -0.007074    0.033772  1.000000 -0.055035 -0.055376   \n",
       "temp        0.258689  0.000295    0.029966 -0.055035  1.000000  0.984948   \n",
       "atemp       0.264744 -0.005215    0.024660 -0.055376  0.984948  1.000000   \n",
       "humidity    0.190610  0.001929   -0.010880  0.406244 -0.064949 -0.043536   \n",
       "windspeed  -0.147121  0.008409    0.013373  0.007261 -0.017852 -0.057473   \n",
       "casual      0.096758  0.043799   -0.319111 -0.135918  0.467097  0.462067   \n",
       "registered  0.164011 -0.020956    0.119460 -0.109340  0.318571  0.314635   \n",
       "count       0.163439 -0.005393    0.011594 -0.128655  0.394454  0.389784   \n",
       "\n",
       "            humidity  windspeed    casual  registered     count  \n",
       "season      0.190610  -0.147121  0.096758    0.164011  0.163439  \n",
       "holiday     0.001929   0.008409  0.043799   -0.020956 -0.005393  \n",
       "workingday -0.010880   0.013373 -0.319111    0.119460  0.011594  \n",
       "weather     0.406244   0.007261 -0.135918   -0.109340 -0.128655  \n",
       "temp       -0.064949  -0.017852  0.467097    0.318571  0.394454  \n",
       "atemp      -0.043536  -0.057473  0.462067    0.314635  0.389784  \n",
       "humidity    1.000000  -0.318607 -0.348187   -0.265458 -0.317371  \n",
       "windspeed  -0.318607   1.000000  0.092276    0.091052  0.101369  \n",
       "casual     -0.348187   0.092276  1.000000    0.497250  0.690414  \n",
       "registered -0.265458   0.091052  0.497250    1.000000  0.970948  \n",
       "count      -0.317371   0.101369  0.690414    0.970948  1.000000  "
      ]
     },
     "execution_count": 4,
     "metadata": {},
     "output_type": "execute_result"
    }
   ],
   "source": [
    "df.corr()"
   ]
  },
  {
   "cell_type": "code",
   "execution_count": null,
   "metadata": {},
   "outputs": [],
   "source": []
  }
 ],
 "metadata": {
  "kernelspec": {
   "display_name": "Python 3",
   "language": "python",
   "name": "python3"
  },
  "language_info": {
   "codemirror_mode": {
    "name": "ipython",
    "version": 3
   },
   "file_extension": ".py",
   "mimetype": "text/x-python",
   "name": "python",
   "nbconvert_exporter": "python",
   "pygments_lexer": "ipython3",
   "version": "3.7.4"
  }
 },
 "nbformat": 4,
 "nbformat_minor": 2
}
